21053
21231
12129
18123
47129
47013
47123
13119
13265
18173
21001
13075
21055
47027
47105
18129
13297
18037
13147
21087
13291
18051
17059
13137
13319
13019
13141
13277
47173
47009
37173
18163
47161
45007
13059
13023
21091
21059
13003
47083
13167
21217
37075
13303
13091
13311
47145
13289
18061
17069
21101
13211
13309
13169
47125
21029
47043
13257
13071
13011
37099
18025
21107
13101
12065
13105
37039
12067
37113
12047
13315
47093
13281
21225
13235
21143
13069
21035
45073
21221
21157
13185
13287
18147
21099
21199
13017
13173
21057
13221
13155
13133
13301
21085
21123
12123
13241
13219
12079
13027
13271
21139
21219
21027
13175
13195
47155
21111
21093
18125
21047
13237
13275
21009
47049
21147
47137
21149
47001
13157
13317
21155
13153
47151
21033
13009
21045
21169
21207
21163
21179
37043
21233
