21053
13189
21003
21231
47185
12129
13073
18123
13193
47129
17185
21061
18117
13089
47013
47123
13119
13265
18173
21001
13075
17151
13279
37115
13181
47165
21055
47027
21177
47105
18129
13297
18037
18143
13147
13013
21087
47081
47141
13079
13291
47089
18051
17059
45047
13137
13319
13019
13141
13277
47173
47009
47087
13139
13283
17065
12037
17193
37173
18163
47161
47111
13081
13261
45007
13059
47017
13023
13033
13159
45077
17199
21091
21059
13151
21083
47107
13003
21171
47083
13085
13167
12029
18043
21217
37075
47085
13303
13091
13225
13311
13163
47145
13289
17191
13095
18061
45045
18083
17069
21101
21141
21031
13211
13309
18019
21021
13169
13135
47125
21029
47079
37087
21229
17127
21039
13321
47043
13257
21235
13107
21183
13071
13245
17087
13011
37099
18025
21107
21013
13101
12065
47187
13247
13105
47035
37039
12067
21227
37113
21105
12047
13315
47093
13281
21145
21225
47029
13093
47025
13235
47143
21143
47133
13069
13299
21121
21035
47147
45073
13001
21007
21167
21221
21157
13065
13185
13287
18147
21099
21137
47057
13161
12023
21199
13017
13173
21057
45001
13221
13155
21125
47121
13269
13209
13133
13301
21085
12121
21123
12123
13241
13219
12079
13027
13271
21139
21211
47037
17165
18027
47007
21219
47183
21027
21213
13175
13195
47155
47139
21111
21093
17101
18125
21047
18071
13237
13275
21005
21185
18101
21203
13087
21009
47049
13205
21147
21215
47005
47137
45065
12077
21149
13217
13131
13021
47001
13005
13157
13317
13125
13035
47021
13187
51105
12039
17047
21155
13153
13207
13117
18175
47151
21033
21079
47063
13009
37175
12073
18093
21045
21169
21207
21163
21179
13111
37043
13177
21233
13123
