21053
13189
47065
13025
13171
21003
47115
21231
47185
12053
12129
13115
17025
13273
13063
18115
13073
18123
13193
47129
17185
21209
45023
13049
13233
21061
18117
13089
13227
47013
47123
13119
13265
13045
18173
21001
21077
21097
21017
47149
13075
17151
47159
47169
21193
13279
45081
37115
13181
47165
47061
21055
21119
47003
47027
21177
17049
47105
12041
13145
13251
18129
17035
13297
17033
13129
12017
47041
18031
18037
18143
18137
13147
13293
13013
13183
17055
21087
21237
47081
18005
13223
47141
13079
47177
17023
47095
13291
21129
47089
18051
17059
45047
29201
13137
13319
13199
13053
47099
13019
12013
47073
13113
13141
13277
47173
21151
47009
21189
17189
47023
47087
17159
13061
13015
21051
13139
13283
13037
13099
17065
13043
13215
45003
47163
45059
21095
47019
47179
45071
12037
18055
17193
37173
18163
47161
45063
47111
37045
13081
18081
13261
45007
13059
13077
47017
18119
13023
13033
17181
13197
13159
45077
17027
12007
17199
21067
21091
47181
21059
21197
13151
21083
47107
47175
13003
12031
21113
21171
13263
18077
47083
18167
13085
13167
12029
47055
18043
21081
21217
37075
47085
13303
47153
13091
13039
13225
13311
13163
47145
51169
13289
17191
13095
18061
13047
45045
18083
17069
21101
21141
37161
13097
21031
13211
13031
13309
18013
18019
21021
21065
13109
13307
13169
13135
47125
21029
47079
37087
21229
17127
21039
13321
18109
13229
13231
13259
13285
47043
47059
13257
21235
13107
47171
45083
47031
21183
13071
17157
13245
17145
17087
12005
17051
13011
13305
37099
37149
47135
18025
21107
21013
13101
12065
13179
47187
13247
13105
47035
37039
12067
21025
21227
37113
18155
21105
12047
12075
13315
47093
13281
21145
21225
47029
47067
47071
29207
13093
47025
13235
47143
21131
21143
47133
13069
13299
45037
21121
47131
21035
47147
21109
45073
13001
13121
21007
13249
21103
21167
21221
1069
45049
13029
21157
13065
13185
13287
17079
18147
21099
21137
37121
17121
13243
47189
47057
13161
12023
47011
21199
13213
13017
12003
13173
21057
13239
17153
45001
13221
13155
21125
47121
13269
13209
13133
45021
37199
13301
13165
21085
13295
37111
12121
21173
21123
12123
17003
12125
13241
12019
13219
12079
18153
13027
13271
21139
13201
21211
45005
47037
18021
18079
17165
18027
47007
21219
47183
21027
21213
13175
12083
13103
47117
1113
13195
13067
51195
29031
29133
21041
47155
47139
21111
21075
21093
17081
17101
18125
21047
18029
18071
12063
13253
12001
13237
29157
47077
12089
13007
13275
21005
21185
13057
47109
18101
21203
21223
13055
13087
21009
47049
13205
21147
21191
21215
21133
21049
47005
47137
18145
18105
21239
45065
45087
12077
21149
21073
13217
13131
18133
37021
13021
47001
13005
13157
47015
13267
13317
13125
13313
47033
13255
13035
47021
13187
37089
51105
12039
13083
17047
47113
21155
13153
13191
13207
13117
13127
18175
47045
47053
47151
21033
45011
47039
47119
21079
17077
12045
47063
13009
37175
12073
18093
21045
21169
21207
21163
21179
21187
29155
13111
37043
13177
47101
29143
21233
13123
