21053
21231
18123
47129
47013
47123
13119
13265
18173
21001
13075
21055
47105
18129
18037
13147
21087
13137
13319
13019
13141
13277
47009
37173
18163
47161
13059
13023
21091
21059
13003
13167
21217
37075
13303
13091
47145
13289
18061
17069
21101
13211
47125
13257
13071
13011
18025
21107
12065
13105
37039
37113
13315
47093
13281
21225
13235
21143
13069
45073
21221
13185
18147
21099
13017
21057
13221
13155
13133
21123
12123
13241
13219
12079
13027
13271
21027
13175
13195
47155
21093
21047
13237
47049
21147
47137
47001
13157
13317
21155
47151
21033
13009
21169
21207
21163
21179
37043
21233
