21053
1027
13189
47065
1049
13025
13171
21003
47115
21231
47185
12053
12129
12131
12127
13115
17025
39017
13273
13063
18115
13073
18123
13193
47129
17185
21209
45023
13049
13233
21061
17005
29123
18117
13089
13227
47013
47123
13119
13265
1019
37109
13045
51167
37027
18173
21001
21077
21097
1033
21017
47149
13075
17147
17151
47159
47169
21193
13279
45081
37115
13181
47165
47061
29179
28009
21055
18171
21119
47003
47027
17029
47097
21127
21175
21177
17049
47105
12041
18157
18057
13145
13251
18129
17035
13297
17033
13129
12017
47041
18031
18037
51027
18143
18137
13147
18161
1081
13293
13013
13183
17135
28003
17115
17055
1017
21087
18047
21237
47081
18005
13223
39015
47141
13079
45035
47177
17023
21201
47095
13291
29093
18107
21129
47089
18051
12109
17059
45047
47075
28139
29201
39001
13137
13319
13199
13053
47099
45009
13019
18165
12013
21117
47073
29221
13113
13141
13277
1095
47173
21151
47009
13143
17041
37193
1083
18065
21159
21189
17163
17189
37003
47023
47087
17159
13061
13015
12069
21051
13139
13283
13037
13099
47127
12103
17065
37189
13043
13215
45003
47163
45059
21095
47019
47179
45071
29023
12037
18055
18139
5031
17193
37173
12101
12119
18163
37011
47161
45063
21063
47111
1109
37045
13081
18081
13261
29223
45007
47069
13059
13077
47017
18119
29017
13023
13033
17181
13197
13159
45013
45077
18023
17027
12007
18059
17199
21067
21091
47181
1071
21059
21197
13151
21083
47107
47175
13003
12031
21113
21171
13263
18077
47083
18167
51077
13085
13167
12029
47055
5093
18043
21081
21217
37075
47085
13303
47153
1011
39135
13091
13039
13225
13311
13163
47145
51169
13289
1087
17191
45055
13095
18061
13047
39071
45045
18083
17069
21101
21141
37161
13097
21031
13211
13031
21071
13309
18013
18019
21021
21065
13109
13307
13169
13135
47125
21029
29186
47079
37087
21015
21229
17127
21039
13321
18109
13229
12035
13231
13259
5021
13285
47043
47059
13257
45085
45075
28117
21235
13107
47171
45083
47031
21183
13071
17157
51173
51191
13245
17145
17087
21161
12005
1077
18045
17173
17051
13011
13305
37099
21023
21043
37097
37149
18159
47135
12107
18025
17139
21107
21013
13101
12065
1029
13179
47187
13247
13105
1005
47035
37039
21195
12067
37035
21025
29181
21227
37113
18155
21105
1061
12047
18035
12075
13315
47093
13281
21145
21225
47029
47067
47071
29207
13093
47025
1045
37071
17183
29189
13235
47143
21131
21143
47133
13069
13299
45037
21121
47131
21035
47147
21109
45073
13001
1123
13121
45029
5055
21007
13249
21103
21167
21135
21221
1069
45049
13029
21157
13065
13185
13287
17079
18147
21099
21137
37179
37121
17121
51051
13243
1089
47189
47057
51520
13161
18011
12023
12059
47011
21199
13213
13017
12003
13173
1015
21037
21057
13239
17153
17119
45001
51720
13221
47157
13155
21125
47121
13269
37119
13209
13133
45021
37199
13301
17133
13165
21085
13149
1079
28093
13295
37023
37111
21153
12121
21173
45057
21123
12123
17003
29099
13051
12125
13241
12019
39061
13219
12079
18153
13027
13271
21139
13201
47103
21211
45005
47037
18021
18079
17165
18027
45027
47007
21219
47183
1103
21027
21213
13175
12083
13103
47117
1113
13195
13067
47091
51195
29035
21205
29031
29133
1059
21041
28141
45039
47155
47139
17117
21111
21075
21093
17081
17101
18125
21047
18029
18071
12063
13253
17019
17045
12001
13237
39025
29157
47077
17021
12089
12133
13007
13275
21005
21185
13057
47109
18101
21203
21223
13055
13087
18177
21009
47049
13205
21147
21191
21215
21133
21049
47005
47137
18145
18105
21239
45053
45065
45087
12077
21149
21073
13217
47051
45079
18095
13131
18133
47167
37021
18097
13021
29187
47001
13005
13157
47015
21165
13267
13317
13125
13313
47033
39165
13255
18121
13035
47021
13187
37089
51105
51185
12039
13083
17047
47113
1111
37009
21155
18041
13153
13191
13207
29069
13117
45017
21069
45091
13127
18175
47045
47053
47151
21033
45011
47039
1055
47119
21079
18063
17077
47047
12045
47063
13009
37175
1031
12073
18093
21045
21169
21207
21163
21179
21187
29155
21011
29510
13111
37043
21181
1067
13177
47101
12057
21115
29143
21233
13123
