13313
45059
29189
45063
13129
47113
26125
48141
47119
22033
42003
45079
21015
45083
47131
22051
45091
47149
1069
51760
1073
47153
26163
26161
47157
22071
1081
47163
42043
1089
48201
1097
21067
47179
1101
47177
21073
18003
47189
18005
42071
41051
1125
39017
42101
21113
39035
21117
17031
18057
39049
39057
17043
39061
15001
15003
37021
18077
21151
17055
15007
18081
15009
37025
40109
18097
17077
18105
17081
35001
37051
36029
37063
39113
17097
37067
21195
37071
34001
34003
34005
13015
37081
36059
19163
36061
34013
18141
12001
37089
34017
36065
12005
13031
56039
12009
37097
12011
34023
18157
34027
12015
12017
55025
39153
12021
13045
21239
33015
11001
13051
39165
12031
37119
13057
12033
32003
13063
17159
37129
13067
17163
10003
13077
36119
54039
12057
32031
12063
12069
12071
55079
53033
13097
17197
12081
12083
12086
48439
12087
13113
12089
12091
51510
12095
37183
13121
12097
12099
48453
29510
12103
51013
12105
13127
12101
8005
12109
8013
12111
31055
30031
12113
12115
12117
12119
8031
12127
12131
8041
6001
51059
13171
6013
49035
28047
6037
29077
48029
13215
47011
51107
6053
29095
28071
13223
6059
13227
4013
27053
13229
25009
6065
6067
6071
47031
6073
25017
6075
24510
25025
6081
24003
6083
6085
13255
45003
47053
47059
45013
48085
45015
47065
45019
23005
24031
6111
26081
24033
44003
2020
44007
1003
48113
27123
26099
48121
45051
51710
5119
