45057
47107
45063
47111
47113
47115
47119
45077
45079
45083
47133
45091
47141
47143
2090
47147
47149
47153
47157
47163
47165
47173
47179
41039
47187
47189
41051
39017
39035
39049
37001
39057
39061
37021
37025
37035
37045
35001
37051
37063
39113
37067
37071
37081
37087
37089
37091
37097
35049
37099
33015
37115
39165
37119
39173
37129
37133
37147
51510
37175
37179
37183
51520
31055
29077
29095
27053
25007
25009
25013
25017
25021
25023
25025
23005
51680
23009
51700
51710
29183
27137
29189
21009
21013
21015
21021
29213
21029
21035
21037
51760
21045
21049
51770
51775
21067
21073
21085
51810
21111
17019
21117
21121
21125
17031
17043
21139
21141
21145
15001
15003
21151
15009
21157
21171
21177
17081
21183
21185
21187
21193
17097
21195
13001
13005
21199
19153
13013
21205
13015
21209
21211
19163
13021
21213
21219
13029
13031
56039
21227
13035
21229
13039
21235
13045
13047
21239
11001
17143
13051
13057
54019
13063
13065
13067
17163
17165
17167
13073
13077
54039
13081
13085
13087
13089
13093
13095
13097
17197
17199
13107
13111
13113
13115
13117
13121
54081
13123
29510
13127
13129
13131
13135
13139
50007
13151
13153
13161
13163
13169
13173
13179
13187
13189
5007
13205
48021
13207
48027
48029
13215
13217
13223
13225
13227
13245
13247
13255
13261
48085
13275
13279
48099
44003
13285
5091
13287
13291
1003
48113
13297
13299
48121
13305
13309
5119
13311
13313
13321
48141
42003
1043
5143
42011
42017
1069
1073
42037
1081
42043
1083
42045
1089
48201
1097
1101
42071
40027
1117
42077
1125
42091
42101
42129
36001
40109
36029
40143
34001
34003
48339
34005
36055
36059
36061
34013
36063
34017
36065
34021
34023
34027
34029
48375
36091
32003
36103
36119
32031
48423
48439
48453
30029
30031
48491
28033
28047
28071
26049
24003
24005
24025
26077
24031
26081
24033
26097
26099
22017
26115
26125
22033
22051
26163
22071
18003
18005
22103
22105
18019
18027
18043
18051
18057
18063
18077
18081
18083
18089
18093
18097
18105
18117
20173
18141
12001
55009
12005
12009
12011
18157
12015
55025
12017
12021
55029
12023
18167
12029
12031
18175
12033
12035
12047
55059
10003
12053
12057
12061
12069
12071
55079
12073
53033
12075
12081
12083
12085
12086
12087
12089
12091
12095
12097
8001
12099
51013
12101
12103
53063
12105
12109
8013
12111
12113
12115
51027
12117
12119
12121
12127
8031
12129
12131
8041
51059
8059
8067
49035
51087
6037
51095
47011
51107
4005
6053
6059
47021
4013
6061
47025
6065
6067
51121
47029
6071
47031
6073
47035
6075
47037
24510
6081
47043
6085
45003
45007
47057
51153
47059
45013
47063
45015
47065
45019
6107
6111
2020
47079
45035
47083
47085
47089
51185
45045
51191
45051
