45057
45075
45079
45085
45091
47157
2110
41051
39017
39035
39049
37001
39057
37011
39061
37019
37023
37025
37035
39095
35001
37051
37063
39113
37067
37071
37081
37097
35049
37101
39153
33011
37109
33015
39165
37119
37129
37133
37135
37147
51510
37179
37183
51520
37189
31055
29019
29023
31109
29069
29077
27037
29095
25001
29099
27053
25009
25013
25017
25021
25023
25025
25027
23005
51680
23009
23019
27123
23031
51710
29183
29189
51720
21015
21019
29213
21037
51760
51770
21071
51810
17019
21117
17029
17031
17043
17045
15001
15003
15007
15009
17089
17097
21195
19153
21205
17113
19163
17119
56039
17133
17143
11001
13051
54011
17163
17167
54039
17197
29510
13143
50007
5007
48027
48029
48085
44003
5093
44005
44007
1003
1005
48113
1015
48121
1017
1019
5119
5125
1031
48141
42003
1043
1045
5143
1049
42011
1051
48157
1055
42017
48167
1067
42029
1071
1073
1077
1081
42043
1083
42045
1089
1095
48201
1097
1101
1103
1109
42071
40027
1117
42077
1121
1125
42091
42101
42133
36001
40109
36027
36029
40143
34001
34003
48339
34005
36055
34007
36059
36061
34013
36063
34017
36065
48355
36067
34021
34023
36071
34025
34027
34031
36081
34035
34039
32003
36103
48397
36119
32031
48439
48453
30029
30031
28003
48491
28033
28047
28049
28059
26021
28071
28081
28089
24003
24005
26055
24017
28121
24027
26077
24031
26081
24033
26097
26099
22017
26125
22033
22051
26161
26163
22071
18003
22103
18011
18035
20091
18047
16001
18057
18059
18063
18089
18097
18107
20173
18141
12009
12011
18157
12015
55025
12021
12033
12035
10003
12055
12057
12061
12069
12071
55079
53033
12081
12085
12086
12087
12091
53053
12095
12097
8001
12099
12101
51013
12103
8005
12105
53063
12107
12109
8013
12111
12113
12115
12117
12119
12127
8031
51041
12131
8035
12133
8037
8041
6001
51059
8059
6013
6017
8067
8069
49035
6029
51087
6037
51107
4005
6053
6059
4013
6061
6065
6067
4019
6071
6073
6075
24510
6079
6081
6083
6085
47051
51153
6097
45013
45015
45019
6111
47075
2020
45029
45035
45041
45043
51191
45051
45053
47103
