45063
45079
45083
45091
47149
47155
47157
2110
47187
41051
39017
39035
39049
39061
37021
37025
39085
39095
35001
37063
39113
37067
37081
37087
35049
37097
37099
39153
33011
33013
33015
37113
39165
37119
37129
51510
37183
31055
29077
29095
25001
27053
25005
25009
25013
25017
25021
25023
25025
51650
25027
23005
23009
23019
27123
23031
51710
29183
29189
21015
51760
51770
21067
51810
21111
17031
17043
15001
15003
15007
15009
19113
17089
17097
19153
13015
13021
56039
13039
11001
13051
13057
13059
13063
13067
13081
13089
13095
13097
17197
13111
13117
13121
13123
29510
13127
13129
13135
13139
50007
13151
13153
13185
5007
48029
13215
13245
48085
13275
13277
44003
44005
44007
1003
48113
48121
13311
5119
5131
48141
42003
48157
42017
48167
42029
1069
1073
1081
42043
42045
1089
42049
48201
1097
1101
42069
42071
48215
42077
42079
1125
42091
42101
42129
36001
36005
40109
48303
36027
36029
36031
40143
36047
34001
34003
48339
34005
36055
34007
34009
36059
36061
34013
36063
34017
36067
34021
36071
34023
34025
34027
34029
34031
36081
34035
34039
36091
32003
36103
36119
32031
48439
48453
30031
48491
28047
26049
24003
24005
24025
24027
26077
24031
26081
24033
24047
26099
26125
22033
22051
26161
26163
22071
18003
22103
22105
20091
16001
18057
16013
18089
18097
20173
18141
12001
55009
12005
12007
12011
12017
55025
12019
12021
12023
12029
12031
12033
12035
12043
12047
12051
10003
10005
12063
55079
53033
12073
12075
55087
12083
12085
12086
12087
12089
12091
53053
8001
12099
51013
8005
53061
12107
12109
8013
12111
53073
12113
12121
12123
55133
8031
12131
8035
8037
8041
6001
51059
8059
6013
6017
8069
49035
6037
6041
49049
47009
8097
51107
4005
6053
6055
6059
4013
6061
6065
6067
4019
6071
6073
4025
6075
6077
47037
24510
6081
6083
6085
51153
6097
45013
45015
47065
45019
6111
2020
45041
45045
47093
45051
45053
