29189
45063
26125
48141
22033
42003
21015
45079
46103
45083
48157
42017
22051
45091
48167
42029
47149
1069
51760
1073
26161
26163
47155
47157
22071
1081
51770
42043
42045
2110
1089
42049
13039
48201
1097
21067
1101
13245
47187
18003
42071
48215
22105
41051
42077
42079
51810
1125
42091
42101
21111
39035
20091
16001
17031
39049
18057
13275
16013
37087
42129
17043
39061
15001
15003
37021
15007
37025
36001
15009
18089
40109
39085
18097
39095
35001
36027
36029
36031
17089
37063
39113
17097
37067
40143
36047
34001
19153
34003
48339
34005
35049
36055
34007
34009
37081
36059
36061
34013
13021
36063
34017
18141
36067
55009
12005
34021
34023
12007
34025
36071
12011
34027
34029
56039
34031
37097
55025
36081
12019
33011
33013
34035
12023
34039
11001
33015
13051
36091
12029
37113
37119
12031
12033
13057
32003
13059
13063
36103
37129
12041
13067
12047
10003
36119
54039
13081
32031
12063
13089
37099
55079
13095
53033
12073
13097
17197
55087
12086
12087
48439
12089
51510
12091
13111
53053
13117
37183
36087
13121
8001
48453
51013
29510
13127
8005
53061
8013
13135
30031
31055
53073
12113
13139
50007
12121
12123
55133
8031
13151
13153
12131
8035
8037
8041
48491
6001
51059
8059
13179
39153
6013
13185
6017
8069
49035
29183
28047
5007
51087
6037
29077
6041
49049
13311
48029
13215
47009
8097
51107
6053
4005
29095
6055
25001
6059
4013
27053
25005
25009
6065
6067
4019
25013
6071
6073
25017
6075
4025
47037
24510
25021
25023
25025
6081
24003
25027
6085
24005
6083
26049
51153
6097
48085
45013
47065
24025
45019
24027
23005
13277
24031
6111
24033
26081
44003
2020
44005
23009
44007
44009
1003
23019
24047
48113
45041
27123
26099
45045
47093
23031
48121
45051
45053
51710
5119
