29189
26125
22033
42003
45079
21015
45083
48157
42017
22051
47149
42029
1069
51760
1073
26161
26163
47155
47157
22071
42043
42045
1089
48201
1097
21067
1101
47187
18003
41051
42077
51810
1125
42091
42101
21111
39035
16001
17031
39049
17043
39061
15003
37021
15007
40109
39085
18097
35001
36027
36029
37063
33011
17097
40143
34001
19153
34003
34005
34007
37081
34009
36059
36061
34013
13021
18141
12001
34017
12005
34023
34025
35049
12011
34027
34029
12015
13039
12017
36081
12019
34035
12021
55025
34039
12023
11001
33015
13051
12027
37119
12031
12033
13057
32003
12035
13059
13063
36103
37129
13067
10003
12051
12053
12055
36119
12061
13089
12069
12071
55079
53033
12073
12075
17197
12083
12085
12086
12087
48439
51510
12089
12091
12093
53053
37183
13117
13121
12099
12101
48453
12103
51013
29510
8005
53061
13127
12109
8013
12111
13135
12113
31055
12117
12119
50007
12127
8031
13151
13153
12131
8041
48491
6001
51059
8059
13185
49035
28047
5007
6037
48029
13215
47009
51107
6053
29095
25001
6059
4013
27053
25005
25009
6065
6067
4019
25013
6071
6073
25017
6075
47037
24510
25021
25025
6081
24003
25027
6085
24005
6083
51153
6097
48085
45013
47065
45019
24027
23005
13277
24031
6111
24033
26081
44003
2020
44005
44007
1003
48113
26099
45045
47093
48121
45051
45053
51710
5119
